# Duplicate listings approved for removal on 2026-10-05 (dry run 37282239833: 266 live duplicates, every original row Synced; open-order and protected SKUs excluded)
891203559293
988471975334
103172860592
224454032893
754722165799
526329650493
585515744682
475325545268
950377124802
951314179244
953533944733
953602770683
911288145287
912234067981
912642257271
912798395186
912805585708
912923406091
914487796984
915064239184
915109424384
915281127929
915284886816
916960456446
920820864616
924212386045
924492777748
924511619653
928193073369
928265426864
929573265138
929741806873
929803315404
932050522136
863968499404
864133526598
867390949131
874868708107
874880728275
874993478845
875997772472
876650727006
876930158568
877355979486
884447609244
840568958388
840655069607
841336916111
841508059288
841576045503
842258604957
843000262296
844137790324
847158687918
848386235582
852380333250
854502257116
855241662926
259341339694
794295877811
797899951598
798173258792
799544432766
801484269026
801821863641
802024041775
803525795099
803533697538
807621114709
810196192300
810896682729
810998950689
811001169623
811980352672
812403450821
818343058936
822431269852
822780459119
822877417473
824061861406
829296097873
830338157066
830404734771
830639064704
830651555426
830653851670
830729399877
830864543357
830865526113
830882381641
830938753460
830995279330
831001457902
831045661235
831110026662
831323763392
831676142745
831776768135
832249092689
832363286438
832448668937
832557096423
832611848883
832641926193
832646154430
832745614200
832917736518
833037180267
833190700678
833205640135
833224157027
833374536147
833682266804
833770777533
834033565072
834045777289
834312630743
834633085185
834748803681
834932498969
835101991366
835175576452
835695626699
836454631565
839874725951
752983125880
752985552820
756921411844
757565244287
761105094607
761508668597
761755202513
762050069269
762118360109
762148616665
762324875954
762335198691
762528746012
764900512369
765540754805
765769234744
768562394875
768635854213
769030187012
775872366829
777531149033
778541814164
780349093894
780398420627
780657048173
781258210891
781682682233
783887221392
788457291102
789533959596
789608330213
790073929574
790162310061
790281263156
792733607587
792739000153
708245832874
708939763903
710409557127
716253618632
716760058617
717406557778
718940115363
723182566217
723294462933
723442459129
723509000400
723564758322
723831798396
723975937552
723977578432
723999108105
724015647066
724067951753
725868881751
727875149855
727944539204
728456550473
729081613182
729150574123
729273397920
729303967482
729366583551
731145395682
736146736274
736264489397
736371581748
736390023199
737346281892
740626474082
740851106567
741587412045
745305364241
746481575629
747055601164
747321999452
747667019494
747776516075
748104465478
748841015677
749037615305
749151237155
749168513556
750682499370
427824642030
427851429208
427889794149
428626062484
429224084083
429452380933
429661821616
429948080057
429979169844
430026489488
430076905747
430117319144
430273591767
432392996812
432574383386
432656606891
432808358173
432845601386
433052852332
433076841152
433303670913
433335470413
433402545303
433714086044
433727786849
433877218689
433960949278
433990813273
434015689125
435087131031
436699209675
440458336571
441848392856
443493702295
443624333312
443694218427
443753268820
443786132006
443811953057
443911350497
444187562331
444413452467
444499136367
444505510600
444925566911
449518463547
450189629262
450591940504
450920350400
451309532479
451336970718
451415428512
Ebay-146895125671-26
Ebay-156719560425-25
121683976212
121795067396
121879807955
