4048340918292
118369213112
131640422966
181230881086
226506694424
924620104316
926403290834
928966116125
937920072988
954222369226
954920685062
956446505602
977995577810
987734717827
101073563055
120675711558
128663195625
129360572979
131773371216
146796146789
150774678322
168524776754
169817969501
172928036062
929124975905
930433960063
932046509110
943523451105
947192555324
951200982217
962677357255
963375407549
966733125208
967373976069
972308170573
995062770452
999592383779
116808415301
121249445732
123477484613
125317905128
127850921924
188404902127
192787926564
193920681432
194854678468
196672627109
197867879235
198793268698
207994937507
375628900286
379237474077
379965075270
386120750118
386571918266
386631779714
386922219691
396907844732
398225871391
398780157398
401965569814
411998679800
419182553714
424981829922
425799136622
426221890921
426265511042
427010393081
428364408926
428434795529
433339521111
436349578854
436713695941
438057198386
442703120737
448906120345
458685014292
459615865786
461872346014
462873342708
464715437993
466889373466
467854458775
469632595320
471324754694
472846392081
473178108012
473384842199
473829973761
474112490354
478596969153
482175946473
486959463682
493759738322
347277641001
349398556486
354156618528
354719334896
356765065205
357189398047
603323098213
604661839827
609379660336
610357972792
611178006819
613750606851
614293968567
615951484658
617979688681
620034244203
621372138650
621851888885
622444721268
623091307560
626765861795
627136111556
631224179748
637351609172
637454589692
637454589296
637940265420
638406665808
639427881659
642400825472
643815614972
647102767730
647468723432
648149177858
648236629949
648422940575
651333872620
653074505447
653755646414
657661565456
658202970210
660728326846
662961943118
665061809193
666676008353
666870021769
669784801847
674676212021
675254599107
678085627186
678831712104
680112805986
680443699575
681645352183
684145933272
684866618892
685574443134
687056856623
687937416083
714345581222
716572628497
717099917385
717545588459
718707286794
719022941313
719285654319
722170430301
727743487348
740344713494
741672434266
742967175659
749930972895
750017012779
750036915594
753046374542
753269731122
754121267889
754330365413
756924593752
758692617968
759017518632
759492995560
762202341328
763655647296
764835030563
766177115922
768701462632
769735779079
772175354089
772369292982
773872148957
774186256529
775170166084
775478129149
775841616924
777392603026
777520471169
781618495937
782911467867
782922169958
786863375249
787747016876
789611836733
790807595792
790827231847
793597820716
798270808692
799684608106
800030756225
801624565063
801994883750
803928272296
803965223954
805929622292
807740649304
808412411823
809402445507
817549651378
818141247822
818451848948
825867362265
834735977463
835642087375
838065787594
838851606078
840369003430
845115447964
846773782633
849027703842
849912165588
853686632665
855241406025
856420593048
857865278583
858842474516
858877043589
861015819953
866524041574
866882634357
866934654722
867533963604
869993867744
872050614977
872588744955
877190659406
877694531475
878141413979
884578317452
886153355545
886239240758
890260127964
891411739340
892268018244
893246095394
896383465785
898562575322
899375679825
899940438987
903404384274
905814770050
905865185063
914630316175
918463865572
923309584982
927503731456
930561648406
933083301651
933334680078
937690426813
939909169986
945198327310
945228851587
947312172714
953394210473
957015430394
964990913347
965207446665
965610143885
966278282749
966319314910
968814353685
970246299608
972521752501
973502080217
978819148582
982146584043
986162299912
986430098186
989921722331
990421020278
990453017420
990881172982
992280920249
995527177444
101094396908
101338908386
106231203873
108484086210
113983735408
116571208261
124026811775
126206724004
127874296718
128385786521
134824771096
136541458687
139106518017
147095214568
147974801629
148996423530
149451983279
165379473838
167974034476
175273545494
175626368978
186688263439
187603859775
191699854354
196705466880
200330923271
203105183474
203413164752
204332181967
208839822583
214678669128
215447962754
218384251356
227484677379
233387262475
233412328121
234936183241
237098593170
248465648232
248902503926
248932528807
253051522049
256676527758
256793341015
258506431716
259696641602
260733754339
265667010650
268505423575
270430305482
271822782485
274268414590
275355609325
282339845464
285067165729
285188888064
288355231243
293745299123
296937923745
299867980796
300379176932
302970213559
310249947173
314895134338
316558523985
318501631594
329014767977
329612018365
332858842472
337058957827
338849696536
340824008425
341182449356
344510762264
346287334279
355341928323
359532787744
368705685664
372046537551
376773592555
380598262043
380988516565
385654310270
387101226912
389517187023
396194311429
400478686339
411907903064
412172715512
414919058654
415851493688
417810801329
422602563422
424609539622
424808613178
429212779977
431509839301
431739363850
432214188807
432727956870
446247510795
448734714341
448740164000
451161559409
459782071515
469957773878
473467065620
475060685366
482997376311
490053293182
493352904223
365293067346
366093906934
392189923110
392551226320
392772275022
399080845015
404919765041
407969975569
412265394952
412787118210
417038440775
421908962113
430857735457
432966476627
436438490241
438439807905
439396512017
443138895689
447321577710
457575079861
467699798876
468149510130
601429401968
605331586928
609977008868
614627048286
617518304690
617785289225
620585277224
622872808012
624278680117
629751613699
631473799650
634283644080
646659051514
649329668517
652717744908
656238692229
656981693405
658122362317
662588153716
670154303915
678856855749
679868727741
681477005417
684143842491
689178390849
691803397406
692124998563
692962229270
694013990498
694406409095
704817549652
708835615955
711724005041
712275304638
714293968564
718251286820
721745961585
723924075816
726551104751
728498776947
736057662709
737940265427
738346578715
743815614979
746417080531
750477358660
757809134312
762994680445
765876036699
766870021766
769784801844
775254599104
776320163281
777360260640
777496499099
780002578720
780182422530
780715451686
781645352180
787403450549
790927557199
793785477722
794097499303
797117980898
800766177110
801687339502
804622656764
805964016582
806540515314
808317278897
810947775202
813971870721
827790104325
828962309135
829806990168
836576615658
838302843953
840748217595
843953394211
845499045305
846872343094
849894134350
852431069039
855886753393
856551256744
864835030560
873454019382
877014363496
881618495934
885854973348
896405377355
905009788204
909402445504
912191361931
914124782615
918299229951
920377889254
925952694957
926398214655
926758692611
933918785199
938851606075
940369003437
940449972783
941616928459
941687849912
942102053952
943443757585
947896118368
964492519252
967908740646
968144739470
974315274206
984422583139
988794705519
998614341032
105067453834
106649561824
108469179890
109126369906
112085053465
113587839670
115331064222
127475555344
128264506820
128344565624
128486205532
128696542922
133429160908
134531451427
136001336685
136139791226
137486257021
137870019242
139538981366
143674023910
145304287952
147765839817
150629848122
154760064335
155638210021
158534513746
160962430106
162389193572
164217635506
167346502459
169655644974
169687897195
171290364551
174789535203
178457272926
182150316085
182740408718
186712935622
187262739227
188842368820
191799953551
198575734960
200682905208
200860089621
201234933977
206206915333
208625399923
211117998443
211304683312
211572381163
212031111109
212643834786
213362363519
215812426690
216654206532
224906528639
228330047964
229948645719
234595731005
235214105658
237684083719
248692583412
251065025556
255210884333
256071410716
262869239643
271131565335
271278484889
271964869877
276688659643
279227285815
281968148175
293408363178
298852299769
300176347580
304685261726
304844176106
305721307088
311925595053
317004295937
317282166127
321893244952
327597255331
330891368195
333589236783
337954710908
338573415212
341404693710
341982545302
343960098183
359290868921
360185845286
361941338806
367934410139
368036105435
375477070482
375498141680
378610940017
379780195832
382010276164
383146697595
385854990234
385905930363
393828964044
394810155822
396111242263
399807011594
400934811268
403461918202
413431244286
419150346584
420962298190
422404296207
422515846131
426395579820
430885397146
431386223569
434220445738
435941061610
437780941610
442914790385
447962797218
456631085150
457652933680
465601883085
473026137539
482581122287
484738596996
487213871632
487515244905
488944690004
489354724389
491782327513
491944622241
494345961117
495499856205
610340202806
610639625538
612365417913
619629652837
630046696525
630262611265
630573467124
635495947037
638137637341
638878197234
643459273917
645612042514
663863204987
666457417763
668882197722
678969348534
694175170790
695387866327
697916315689
701603617564
703961275042
704857887332
708660253261
709341028055
725068660453
733384828549
733793268967
735938076864
600268058661
600303393382
603497999606
605634212784
606827938573
618116296448
618405632025
619970368623
622849471645
624205541139
627232677451
629555064932
631592921086
631855426297
636376614819
645462934816
655712021517
657112550772
660480635811
660544213047
664344129010
666452328682
670665032182
672024594355
672495205958
676868455148
680103073875
683389672954
684700722464
684918400529
689943166242
690779827115
692177635378
695932362304
698138629059
699002544256
699376393566
699775807374
700583842706
705077654940
705304244098
710800736404
714154104247
715907815229
724637467455
724973847485
725901938459
726179730080
732729518176
733172445187
733942043117
739431500116
739741192742
746924699738
747229002049
751980378800
753505432462
758458937064
758632204746
762367156720
763923321460
765631278913
765812056736
771311869531
775162776574
775470607706
303907602057
305095532475
307540797699
309502884256
311012862457
311501839984
311619236439
314457056139
322231503601
326294141725
326993997395
330830461628
332463257012
336241754151
339697308442
343612663370
346366266798
346955722537
348432796918
350756315973
352802331159
353702483962
354807357028
357433765038
359133424079
361230419933
362968561505
366483022749
367587521886
369778872814
371346328104
371749351983
373337699163
376895018810
378748341298
379000917039
379233048463
379795795102
383605671258
384382683229
385080765668
392735520732
394980037065
400393003327
402831050580
403512512649
408170667991
409318374788
411470394498
413302312250
415147850218
424748792537
426683411009
430304859699
431644868358
437693388540
440916860723
440966774629
441890506270
446455471826
446818985816
446825482186
447681278647
448651973371
448927887050
451670758379
451917113015
452176317725
458019242667
472825959007
476171071703
478815271845
479443864270
481067414434
483025925419
483938729807
484656866614
491812702709
493242612566
496062913080
499138759056
739800392847
740241723091
742317656289
742510276116
744766381675
749269754599
756258519367
761126103784
773735260475
779821313940
784880994443
788759903635
789270287051
803255565764
807024989003
809641919746
809930061095
810207127581
813875172228
822678487569
831730836825
842722274853
846966228054
848816394506
849819326778
859423737587
860025463378
863900904751
602577652783
603860397879
604512093521
609612169534
609867321862
611064119685
612505108565
615156325527
618522872205
625877128604
636102123264
639011629803
640381365864
640988679302
644131708611
645029884554
651583572264
653234046742
656051476877
657273671804
658309462946
662596978721
666590040705
669082490873
673062652069
675471450823
676795201153
678221469199
680646642651
681784509370
681981416976
685157997467
689344450049
690219023848
691339048476
696203075398
703957520606
714521353124
717197282439
718640141358
719299408458
727015158358
727117042722
728106043157
728355098618
728684411287
258656528717
454568025645
466210496857
471564082359
678939331474
738602538767
751894017710
131437615854
132905353063
135376672381
138431400097
138738922018
140263432849
149528823460
152216472598
155051010406
160695673986
161444892795
163946029174
165186643233
175493740198
176752030166
177296725747
181676504426
182684571752
374002169257
374277549358
375627421331
375977571168
376410323535
379212940429
382616889331
383443421619
384012551362
384345166370
