404834092260
194343045337
949396182498
950078418507
913334701126
913619975150
914302845323
922351489474
922586853330
925416740282
925952731768
926120999546
926239925962
926381680184
926452611697
928468220863
928530036125
928727310151
929192407247
931826392010
863892083427
864397399594
864602378376
865343632208
866179750104
868298448078
869344098742
869446359512
869924904883
870717527677
870762773678
871030825297
871613303914
871630949973
871903231767
872122211837
872172464313
872323250512
872424706178
872498832148
872643786999
872686366912
873199819032
873441117312
873524696246
873614701188
873857237505
874739776464
874847171472
875122763252
875264533553
875361852762
876145755828
878732384053
878955074311
879916855734
880439502692
883675073285
883727589238
884208289548
884507713393
842766860548
844952549091
845112140899
845179293859
845393651312
845403198509
845584272388
845685337085
845837506086
846397922354
847053418181
847206370724
847270224114
847807668893
848180654985
848428614405
849430214256
849509873001
849706131133
850379173597
851606347545
851849795653
851990012852
853117083196
853941979139
854225728306
854773027289
855461297915
855786165142
855917281147
856845547541
857818591387
857948572287
858154197035
858642134450
859445235764
860703733328
861084115147
861151046374
861274721738
861276395227
862151249284
863333267126
115747741885
0107991183849
0168685487094
0171870262178
0175183046999
176936763200
0222394312907
241418328564
0244510762267
244720999347
245088210099
247710932485
0269848583339
271111615289
487282997967
250550967258
250552820179
250688243538
250909649439
251245976913
253114267337
490739043674
266195819777
796915579242
784453785409
789928532083
799786088431
891494202892
892737340944
893157673070
936428471668
294048362378
782308136895
899690655986
968423532709
994874374926
102999688181
128804135008
135930062887
250907713460
298950620694
304091993815
376655018029
428790305189
436408331178
439187745556
448458895760
453201328815
470192513532
487331985631
493211935917
493972853161
866910556958
876622251805
877005412424
901537096392
922049922412
926171589291
937609387549
942471928905
616842857216
635078976898
663253072059
736460755661
869866758391
898283477912
185886737087
195146334772
196799651643
245735903503
249067164823
255186882968
265113413844
277734997481
284046322603
292489653482
299542051506
338969480732
358892633333
362641974806
418443706791
429337069137
458124357706
459643493968
471734629162
482245448609
488817209067
766311064727
791669593629
218925788600
288906570456
299102537839
300298877088
303063837928
794715930553
794981793128
795717020839
795843783554
798027593703
798573053300
798732226217
798996108977
800027700903
802775776308
802846974473
804980952065
805592683859
805766718813
806822119940
828191055674
828261238846
830038249153
830046514328
830626916962
831406659840
831786948855
832018745679
832529309278
832845673480
833053477426
833332928212
833762695364
834372117680
834397275631
834727449305
835504808384
835678354458
836186134075
836193538064
836575036225
836692691932
836773818500
836822534634
836926356491
838334612527
838366875983
752496358638
752630045738
752666752938
753240034211
753411439753
753791630948
754692140116
756659775522
757676428125
757971054296
759022972887
762779155977
763312522478
763426553405
763453468390
763676707955
763685660944
763724602355
763836636620
763873599797
763881346802
765055561882
766485190260
767364895498
767504970887
767533241934
767718439934
767927824156
768762678171
768797616056
769276496497
770719557132
771258886196
771632919410
772659001553
772719161050
772766454518
772807467415
773167488522
773275773466
773388495484
774358951498
775837400476
775869074300
775973466107
776482797904
777167379477
778273618740
778556979315
778602584999
778803630495
779158149656
782220255018
782307398362
782395948531
783099995371
784437414097
785131427611
787024788311
789539891821
789915861875
790419080402
790637332208
790813909934
791184007977
793979572219
707419580559
707522010998
707837392321
708057456756
708452085292
709084065409
709423551570
709616938256
710033090793
710067281082
711368581291
711770038710
713384270487
713798757543
714483766710
714607166877
714815037280
715607761864
715736621831
715801256166
716142593750
716184460560
716309437835
716544265651
716773116045
716917063723
717717799928
719829942674
720037273498
720403072021
720403904520
720788359601
720823913430
721078425617
721126723856
721167474373
721315657320
722327770137
723068982308
723540111615
723782265886
724347337352
724367266762
724531905558
724557900896
724622389342
724646605244
724726398899
725092531743
725493262222
725527540364
725627101823
725633873349
725983228912
726643922942
726905147038
728571757771
730363305503
730446933241
730932475248
731204708231
731871748608
732708494927
732782389379
734150351223
734243212639
734322681912
734427271407
734657583066
734668684028
735378211511
737304980775
738021623341
740442903841
741998923116
744821202044
745917031449
749766217719
750546366657
750594037332
427967004108
429027408529
429824760752
430745128750
432553519621
433469306589
433596142333
434205664307
434869634159
435464813963
448585701743
448778348335
449006675476
449195989392
450422080324
451132082554
451166253463
451304235573
Ebay-136751967991-10
