105067453834
106649561824
108469179890
109126369906
112085053465
113587839670
115331064222
124026811775
126206724004
127475555344
127874296718
128264506820
128344565624
128385786521
128486205532
128696542922
131437615854
132905353063
133429160908
134531451427
134824771096
135376672381
136001336685
136139791226
136541458687
137486257021
137870019242
138431400097
138738922018
139538981366
140263432849
143674023910
145304287952
147095214568
147765839817
147974801629
149451983279
149528823460
150629848122
152216472598
154760064335
155051010406
155638210021
158534513746
160695673986
160962430106
161444892795
162389193572
163946029174
164217635506
165186643233
167346502459
169655644974
169687897195
171290364551
174789535203
175493740198
176752030166
177296725747
178457272926
181676504426
182150316085
182684571752
182740408718
186688263439
186712935622
187262739227
188842368820
191699854354
191799953551
198575734960
200330923271
200682905208
200860089621
201234933977
206206915333
208625399923
208839822583
211117998443
211304683312
211572381163
212031111109
212643834786
213362363519
215812426690
216654206532
224906528639
228330047964
229948645719
234595731005
235214105658
237684083719
248692583412
251065025556
255210884333
256071410716
256793341015
258656528717
262869239643
271131565335
271278484889
271964869877
275355609325
276688659643
279227285815
281968148175
285188888064
288355231243
293408363178
298852299769
299867980796
300176347580
300379176932
303907602057
304685261726
304844176106
305095532475
305721307088
307540797699
309502884256
310249947173
311012862457
311501839984
311619236439
311925595053
314457056139
317004295937
317282166127
318501631594
321893244952
322231503601
326294141725
326993997395
327597255331
329612018365
330830461628
330891368195
332463257012
333589236783
336241754151
337058957827
337954710908
338573415212
338849696536
339697308442
341182449356
341404693710
341982545302
343612663370
343960098183
344510762264
346366266798
346955722537
347277641001
348432796918
349398556486
350756315973
352802331159
353702483962
354156618528
354719334896
354807357028
355341928323
356765065205
357189398047
357433765038
359133424079
359290868921
359532787744
360185845286
361230419933
361941338806
362968561505
365293067346
366093906934
366483022749
367587521886
367934410139
368036105435
369778872814
371346328104
371749351983
373337699163
374002169257
374277549358
375477070482
375498141680
375627421331
375977571168
376410323535
376773592555
376895018810
378610940017
378748341298
379000917039
379212940429
379233048463
379780195832
379795795102
380598262043
382010276164
382616889331
383146697595
383443421619
383605671258
384012551362
384345166370
384382683229
385080765668
385654310270
385854990234
385905930363
389517187023
392189923110
392551226320
392735520732
392772275022
393828964044
394810155822
394980037065
396111242263
399080845015
399807011594
400393003327
400478686339
400934811268
402831050580
403461918202
403512512649
404919765041
407969975569
408170667991
409318374788
411470394498
411907903064
412265394952
412787118210
413302312250
413431244286
415147850218
417038440775
419150346584
420962298190
421908962113
422404296207
422515846131
422602563422
424748792537
426265511042
426395579820
426683411009
430304859699
430857735457
430885397146
431386223569
431509839301
431644868358
431739363850
432214188807
432966476627
434220445738
435941061610
436438490241
437693388540
437780941610
438439807905
439396512017
440916860723
440966774629
441890506270
442914790385
443138895689
446455471826
446818985816
446825482186
447321577710
447681278647
447962797218
448651973371
448734714341
448740164000
448927887050
451161559409
451670758379
451917113015
452176317725
454568025645
456631085150
457575079861
457652933680
458019242667
465601883085
466210496857
467699798876
468149510130
469957773878
471564082359
472825959007
473026137539
476171071703
478815271845
479443864270
481067414434
482581122287
482997376311
483025925419
483938729807
484656866614
484738596996
487213871632
487515244905
488944690004
489354724389
490053293182
491782327513
491812702709
491944622241
493242612566
493352904223
494345961117
495499856205
496062913080
499138759056
600268058661
600303393382
602577652783
603497999606
603860397879
604512093521
604661839827
605634212784
606827938573
609379660336
609612169534
609867321862
609977008868
610340202806
610639625538
611064119685
611178006819
612365417913
612505108565
614293968567
615156325527
618116296448
618405632025
618522872205
619629652837
619970368623
620034244203
621851888885
622849471645
622872808012
623091307560
624205541139
625877128604
627232677451
629555064932
629751613699
630046696525
630262611265
630573467124
631473799650
631592921086
631855426297
634283644080
635495947037
636102123264
636376614819
638137637341
638406665808
638878197234
639011629803
640381365864
640988679302
642400825472
643459273917
643815614972
644131708611
645029884554
645462934816
645612042514
649329668517
651583572264
652717744908
653074505447
653234046742
655712021517
656051476877
656981693405
657112550772
657273671804
658122362317
658309462946
660480635811
660544213047
662588153716
662596978721
662961943118
663863204987
664344129010
665061809193
666452328682
666457417763
666590040705
668882197722
669082490873
670154303915
670665032182
672024594355
672495205958
673062652069
674676212021
675254599107
675471450823
676795201153
676868455148
678085627186
678221469199
678831712104
678856855749
678939331474
678969348534
679868727741
680103073875
680112805986
680443699575
680646642651
681784509370
681981416976
683389672954
684700722464
684866618892
684918400529
685157997467
685574443134
689344450049
689943166242
690219023848
690779827115
691339048476
691803397406
692124998563
692177635378
692962229270
694175170790
695387866327
695932362304
696203075398
697916315689
698138629059
699002544256
699376393566
699775807374
700583842706
701603617564
703957520606
703961275042
704857887332
705077654940
705304244098
708660253261
709341028055
710800736404
714154104247
714345581222
714521353124
715907815229
716572628497
717099917385
717197282439
717545588459
718640141358
718707286794
719022941313
719285654319
719299408458
722170430301
723924075816
724637467455
724973847485
725068660453
725901938459
726179730080
727015158358
727117042722
727743487348
728106043157
728355098618
728684411287
732729518176
733172445187
733384828549
733793268967
733942043117
735938076864
738346578715
738602538767
739431500116
739741192742
739800392847
740241723091
740344713494
741672434266
742317656289
742510276116
742967175659
744766381675
746924699738
747229002049
749269754599
749930972895
750017012779
750036915594
750477358660
751894017710
751980378800
753046374542
753269731122
753505432462
756258519367
756924593752
758458937064
758632204746
758692617968
761126103784
762202341328
762367156720
763923321460
765631278913
765812056736
766870021766
769735779079
771311869531
773735260475
775162776574
775470607706
776320163281
779821313940
780182422530
781645352180
784880994443
786863375249
788759903635
789270287051
790807595792
790927557199
793597820716
793785477722
794097499303
797117980898
798270808692
803255565764
803928272296
804622656764
807024989003
808412411823
809641919746
809930061095
810207127581
813875172228
813971870721
817549651378
818451848948
822678487569
825867362265
829806990168
831730836825
834735977463
838065787594
838851606078
842722274853
846966228054
848816394506
849819326778
852431069039
855241406025
855886753393
856551256744
858877043589
859423737587
860025463378
861015819953
863900904751
864835030560
866882634357
866934654722
872050614977
877014363496
877694531475
896383465785
896405377355
899940438987
905009788204
909402445504
912191361931
914124782615
920377889254
925952694957
930561648406
945198327310
945228851587
966319314910
967908740646
990421020278
990453017420
990881172982
995527177444
