5058048349204
4048340918254
551984990431
949976502814
951281713236
951745314160
952369790279
952558684129
954074240278
913169384167
913876732701
914003966990
915799447366
925682414917
926618650577
926697011337
926706444750
927367213273
927439408071
928266972155
928498454573
928861012645
928883777331
929502765258
929845373462
930062346788
930841257656
930894047075
931445881223
931524583468
932105110905
864132979982
866868656861
866881663075
866951520499
868288997913
869612277534
869674378057
869970407628
869972517288
870386662921
870659007183
871162011452
871203336445
871585412904
872143733295
872975072654
872980678353
873081569502
873905059950
874197832788
874374920116
874888982020
876521170719
878015025963
878113776842
878132441226
878399149286
878453235191
879088255615
879547828336
880464362513
884206479897
846054803033
846290304752
846403560648
846430032194
846467820511
846820219877
847286510478
848329660402
849395572569
849635504312
849731234335
850703520257
851260012445
851629376171
853273420026
853677930350
853740870361
853819111685
853918628688
854299999527
854647805562
854907126079
855033750589
855664482187
855981087836
857678088744
857889291698
858129277243
858220859201
858443173207
858461490751
858479601798
858481214849
858570088856
858699082094
858706367022
858814353238
858834653509
858880061662
858987780237
858998178887
859111092172
859123422103
859140755420
859196816502
859234487022
859469352782
859523840590
859581593650
859618191729
859787832690
859812059740
859914551357
859960404621
860010998441
860025418279
860128219407
860168453762
860202514510
862024077457
862367694052
862549687971
862981436076
863009079091
863620587128
863782362656
163939658770
281319569185
0102053950247
0138367024107
0148932528800
0154516808763
0180552696583
0251354278496
309883920536
192753269732
224065965757
253082811969
253367421715
254152064360
262310763178
262319286593
262774358576
263042530588
263132297926
488745079657
263286977101
264529661566
647935646516
266681868388
266689367869
266920778195
266934031156
267007996549
267076364829
267119031725
267206655612
267480166163
267680840849
758271091042
269085441256
270729616015
270829511944
271132576774
271184428977
271664960416
271770627418
831802034609
931034591441
212027353131
830111055831
830928484633
906508584236
922051131758
930832446243
932677701372
935091869758
938842878368
940991589187
947490387344
968927837676
417873654184
418279846166
424803435058
462670246049
868655057882
958277136161
604845574582
685663453815
688566184121
919926886288
934953184930
229757086949
247320016995
273093533292
285969058549
354266206363
455348031832
456113900537
459400189967
604092244962
646813428794
677551344831
749193093115
761281596704
933239489950
224862114921
228687753013
794372258557
794927661054
795176885925
795272337779
795359394664
795385562952
795392362781
795419494976
795702566090
795716157734
796270744842
796297256311
796362716672
796381429249
796759730489
796839280989
797062617948
797158120710
797410067142
797722186593
797759719665
798043300095
798210192270
798253346395
798312309217
798901166719
800324521386
801311259435
801533176961
802102371251
802115055346
803729795888
803852851543
806530116880
806936668303
807298337005
807336815564
808260336071
808658356025
809110193752
826925196464
827430464734
828756986108
830123000720
830753107424
832238696270
834026914054
834426382156
835080396220
835940507254
836173757034
836218862822
836631676303
837012131916
837083606368
837132503693
837163426497
837289740699
839399425138
751980104461
752421228951
752897329138
753021016658
753918156467
754565520885
754875880198
755006758935
755330441473
755873944370
756438546695
756673554219
756859097875
757593066042
757627615413
757763636464
757966869706
758176391100
760541471492
762216015031
762335493154
762363822728
762815920811
763104722321
763112228174
763201761483
763208239442
763248761613
763265489910
763933346057
764030548160
764141773314
764340616122
764368769442
764436551535
764459186561
764492745688
764499358614
764535438409
764535696199
764592062890
764630605041
764633133268
764675372670
764787569845
764835051001
764899819159
765393064601
765540204034
765610788884
765885895034
766334524086
767243967568
767423473148
767439926089
767474704338
767504266416
767575274921
767684337111
767686873761
767698759145
767703401359
767795408205
768072834144
768140179771
768223257549
768230834009
768465554789
768480738423
768793502780
768857983784
768883216832
769016555552
769087175864
769111184879
769202887641
769355837227
769541863160
769648010962
769776311566
769808164184
769849783375
770244543884
770303058618
770683216998
771285908380
771812950493
771935257776
772793799866
772847406108
773376129346
773429655143
773600331125
773605547446
773914930786
774018785593
775731756013
775809419659
775994868973
776019685827
776020015644
776076106129
776412577408
776518600680
776529849870
776817191117
776848201632
776881531147
776987356774
777178551381
777181810109
777222708150
780701091759
782288518704
782353553821
782569326394
782695577486
782854287423
783285651760
783509261317
784526555724
786280213971
788256178048
788353979203
789219627405
789428429838
789626527473
789646718721
789816442326
789935071391
790425712410
790524698547
790643148954
790689988484
790696372245
790915425776
791244984804
791469893004
792463489781
793636568319
793705248593
707302214240
707547444679
707556108524
707645139309
707782007042
708267231280
708307862368
708520581275
708866287145
708927416521
709009997716
709433379478
709628135711
709756481162
710116883106
711098722681
711142726764
711159944816
711457462821
711526863856
711901109371
711953150611
711972864285
712409438246
712715219720
712977403875
713521372876
713953826282
714280400015
714827532506
714868564283
714880490386
715099538357
715297062203
716498305267
716518567156
716585670049
716893651464
716963543873
717288941856
717728460305
719985641350
720091208528
720173342393
720412222479
720498407098
721436267729
722155520140
723327149916
723904239450
724218357380
724269026976
724930133033
725015204143
725188838497
907998592077
726064866023
726895284010
727940292493
727982425323
728372414309
728409479189
728414779700
728502224365
728527794850
728750682191
728759090645
728788995133
729014446917
729228618285
729237288653
729325512165
729404385413
729406678421
729735897388
729924922921
729950794349
730068045735
730090472684
731260635809
732939889325
733102883591
733276754765
733517800077
733590120826
733758692233
733771907468
734217080998
734327396583
734417021593
734613904997
734712323576
736311869202
737490166663
740456167437
740591577054
740738720404
740778411027
741019688406
741090725342
741174524373
741337274893
741764554025
741777941737
741893962425
742051944239
742101091357
742238827355
742566895989
745085274624
745738286189
749801368222
749831254014
750124557156
750156612489
750389233475
750539985322
750758850289
750792788784
750794450061
750800610373
750804656988
750811056191
750827699214
750996856111
751046263255
751059086964
751099239634
751171432557
751196500125
751287010090
428240023090
430254264352
430382090755
434149882775
434391367679
434404510016
435243627941
436345550892
437342640265
437510609100
437516577977
437633358626
441401598497
441553162720
448712683263
449165980107
449532574175
449685941596
449823290524
449862229271
450074396989
450099561775
450319737645
450322380043
450467633301
450595773368
450746904085
450765624766
451289921904
147766000000
303306536724
303502882465
303533964604
303554096445
303583420518
303607530261
303634996689
303722823101
303741134523
122018196817
122020117169
122189660698
122210558574
122334054549
185509142595
185934549754
185962700219
186151884482
186512773059
720321656075
897212655520
942214732509
246604608819
246622216621
246624136484
246627095856
246675081856
246940110618
247025371320
247038553461
247079405699
247210770235
247265250393
443832322153
443842256080
444294439557
444830442300
446230120789
446804922894
446838798199
446908640748
446988389728
447039058174
460846078906
461084239142
462352475019
474899206810
346146799669
346943163052
347960379020
351271472202
352823513794
352971569780
353252533285
353350001853
353601049528
354284549954
354436179909
359254636672
455629827628
458306303576
468568983508
471124347454
471204232526
505511660045
Ama-B0GQZN15K5-55
Ama-B0C7W264GH-10
Ama-B0CDXXFL6W-40
Ama-B0F2N53H5N-20
Ama-B072MHD2MV-10
Ama-B0DX77DWVX-30
Ama-B0B9M7N2YG-10
Ama-B0D3T9RX18-15
282465467790
282592597797
284065428768
284842406828
284868553636
285730453733
286948656138
287413225170
288086013484
289444601190
289975234980
292982212827
293005419292
293023862056
293047374580
293256309779
293415358365
293554424440
293565338422
294263234276
294509148893
294814914527
294847655770
295312964564
295358216252
297257176750
299576811725
300148029292
300148966214
300369425651
300770432217
303125196642
304874346371
116649268821
117139089742
117753432863
118953076048
118956562715
118980780031
119037627804
119277269291
119840219760
119845619084
120263614155
121210666005
121273815037
122544238135
122749325944
175344698586
175968317122
176353489783
176453721516
176512661234
176706009859
178819673859
179267514619
180845067793
181737105241
182472019244
182593763255
183732256829
184295725890
5055862342374
5055862342350
248312716855
249335265573
249599215475
250400567744
250515201885
250901954883
251545025441
252439948228
252863770532
253013890469
253033119311
253043316519
1234569877714
309899073677
310764311565
311141576782
440921103471
441112520695
441138455629
441296252207
442060423564
442420723341
442716594761
443238639657
443267479309
443323928567
443347410406
443367056493
458358666070
470749263453
472527995648
477458685200
612645887658
