0101094396908
0101338908386
0106231203873
0108484086210
0113983735408
0116571208261
0139106518017
0148996423530
0165379473838
0167974034476
0175273545494
0175626368978
0187603859775
0196705466880
0203105183474
0203413164752
0204332181967
0214678669128
0215447962754
0218384251356
0227484677379
0233387262475
0233412328121
0234936183241
0237098593170
0248465648232
0248902503926
0248932528807
0253051522049
0256676527758
0258506431716
0259696641602
0260733754339
0265667010650
0268505423575
0270430305482
0271822782485
0274268414590
0282339845464
0285067165729
0293745299123
0296937923745
0302970213559
0314895134338
0316558523985
0329014767977
0332858842472
0340824008425
0346287334279
0368705685664
0372046537551
0375628900286
0379237474077
0379965075270
0380988516565
0386120750118
0386571918266
0386631779714
0386922219691
0387101226912
0396194311429
0396907844732
0398225871391
0398780157398
0401965569814
0411998679800
0412172715512
0414919058654
0415851493688
0417810801329
0419182553714
0424609539622
0424808613178
0424981829922
0425799136622
0426221890921
0427010393081
0428364408926
0428434795529
0429212779977
0432727956870
0433339521111
0436349578854
0436713695941
0438057198386
0442703120737
0446247510795
0448906120345
0458685014292
0459615865786
0459782071515
0461872346014
0462873342708
0464715437993
0466889373466
0467854458775
0469632595320
0471324754694
0472846392081
0473178108012
0473384842199
0473467065620
0473829973761
0474112490354
0475060685366
0478596969153
0482175946473
0486959463682
0493759738322
0601429401968
0603323098213
0605331586928
0610357972792
0613750606851
0614627048286
0615951484658
0617518304690
0617785289225
0617979688681
0620585277224
0621372138650
0622444721268
0624278680117
0626765861795
0627136111556
0631224179748
0637351609172
0637454589296
0637454589692
0637940265420
0639427881659
0646659051514
0647102767730
0647468723432
0648149177858
0648236629949
0648422940575
0651333872620
0653755646414
0656238692229
0657661565456
0658202970210
0660728326846
0666676008353
0666870021769
0669784801847
0681477005417
0681645352183
0684143842491
0684145933272
0687056856623
0687937416083
0689178390849
0694013990498
0694406409095
0704817549652
0708835615955
0711724005041
0712275304638
0714293968564
0718251286820
0721745961585
0726551104751
0728498776947
0736057662709
0737940265427
0743815614979
0746417080531
0754121267889
0754330365413
0757809134312
0759017518632
0759492995560
0762994680445
0763655647296
0764835030563
0765876036699
0766177115922
0768701462632
0769784801844
0772175354089
0772369292982
0773872148957
0774186256529
0775170166084
0775254599104
0775478129149
0775841616924
0777360260640
0777392603026
0777496499099
0777520471169
0780002578720
0780715451686
0781618495937
0782911467867
0782922169958
0787403450549
0787747016876
0789611836733
0790827231847
0799684608106
0800030756225
0800766177110
0801624565063
0801687339502
0801994883750
0803965223954
0805929622292
0805964016582
0806540515314
0807740649304
0808317278897
0809402445507
0810947775202
0818141247822
0827790104325
0828962309135
0835642087375
0836576615658
0838302843953
0840369003430
0840748217595
0843953394211
0845115447964
0845499045305
0846773782633
0846872343094
0849027703842
0849894134350
0849912165588
0853686632665
0856420593048
0857865278583
0858842474516
0866524041574
0867533963604
0869993867744
0872588744955
0873454019382
0877190659406
0878141413979
0881618495934
0884578317452
0885854973348
0886153355545
0886239240758
0890260127964
0891411739340
0892268018244
0893246095394
0898562575322
0899375679825
0903404384274
0905814770050
0905865185063
0914630316175
0918299229951
0918463865572
0923309584982
0926398214655
0926758692611
0927503731456
0933083301651
0933334680078
0933918785199
0937690426813
0939909169986
0940369003437
0940449972783
0941616928459
0941687849912
0942102053952
0943443757585
0947312172714
0947896118368
0953394210473
0957015430394
0964492519252
0964990913347
0965207446665
0965610143885
0966278282749
0968144739470
0968814353685
0970246299608
0972521752501
0973502080217
0974315274206
0978819148582
0982146584043
0984422583139
0986162299912
0986430098186
0988794705519
0989921722331
0992280920249
0998614341032
101646000000
103000000000
103349000000
104015000000
104275000000
104419000000
105067000000
105239000000
106325000000
106650000000
107126000000
108469000000
109126000000
110119000000
111689000000
111997000000
112085000000
112468000000
113588000000
114341000000
114694000000
115560000000
118213000000
119830000000
122251000000
123106000000
124055000000
124213000000
125519000000
126012000000
127476000000
128035000000
128192000000
128265000000
128345000000
128486000000
128613000000
128697000000
128804000000
129332000000
129664000000
131027000000
131474000000
133429000000
134531000000
134958000000
135130000000
135930000000
136001000000
136140000000
136399000000
136593000000
