730384828913
614651561546
612488105964
612518825114
612745056664
617374409157
617864982238
617101102191
617781349046
617939276293
617539811429
617727026420
617483506747
618064386604
617460115061
617594790912
617147860338
617429570924
617393320778
617379954034
617818643710
617944569472
617756902177
617341433611
618078181042
617548215867
617754000226
617505070362
617901445207
617500053179
617281627996
617712875477
617468140010
617218909379
618097004759
617461063323
617618860065
617214560000
617855450999
617150456528
617451153492
617140274408
617575656718
617420573511
618064221837
618090807104
618047580166
617465478109
617284631426
617693713164
617409658956
617500219780
617226876540
615755372946
615763279084
615779380378
615783720702
615791687387
615817001142
615819786641
615823856446
615857402398
615859582579
615873857318
615896775187
615897020712
615949572855
616044671702
616058226967
616139447588
616195141819
613773598836
614514253816
614516074839
614601601605
612636383626
612655621389
612696993292
612733982944
612756212974
612757602743
612781327414
612791404242
612802273539
612814276139
612842246180
612844255388
612864945405
612885373546
612899936508
612913630092
612919232269
612935509109
612944714440
612979981404
612999070201
613003821888
613004128078
613020339588
613038155576
613046435790
613049662520
613068563761
613073932576
613082649496
613089529579
615348456763
615370756831
615381760537
615387220134
615417705365
615454800047
615588270280
615690880070
615695823973
615719017692
613513786059
613522730845
613526628971
613558979386
613570758235
613578380865
613581788771
613583348812
613616838143
613619845230
613621016970
613643605824
613677701516
613689476969
613719923340
613769714769
611666930435
477195869222
477199062070
477298751646
477328458941
477331024812
477331135464
477333622955
477405796515
477450097414
477493446293
477494531134
477501158910
477507806525
477512937658
477539123157
477539693728
477598406260
477616498796
477630341306
477651566733
477674251401
477670754388
477735524062
477751931196
477752653547
477812120132
477757617865
614973477280
471873115755
477867086650
477817294470
477814900541
477867605929
477911104507
477938053994
477983766306
478001390718
478125875412
478140386221
478157764036
470752220689
478166694355
472061098584
472084205891
472103512467
472218721105
472236363370
472256543745
472293106743
472312666548
472484741449
472449007863
472492442086
472496821986
472509320130
472537163846
472616698764
472735372682
475209077830
475344793954
476069779551
476265021201
476472221289
476988398574
477010459188
477012695287
477017166973
477055430388
477066857174
477077148575
477085624368
477098592944
477129779399
477137363733
477165904595
477393470855
476328592686
476356350388
476396129449
476401198637
476424056792
476425792934
476453611726
476470387598
476483784872
476486924619
476647680910
476649201731
476657716722
471188728008
471203112218
471238768978
471278858103
471319334702
471326206238
471328473881
471383115702
471437818443
471512323619
471528300321
471536966083
471562476044
471605158432
471609068188
471647804946
471651529279
471669043644
471704400708
475129479141
475135799080
475217289478
475256327681
475263795244
475308927746
475310014519
475311946567
475338225027
475402785631
475389745277
475439665432
475473530864
475492713897
475530719782
475534016269
475794775197
475921384766
475940230396
475990039185
476102499224
476228211915
476237358687
476284158650
476324411332
471277378107
471294188154
471336250498
471353404331
471360247525
471449025235
471487488795
471509331696
471879195782
471887728408
471915089600
471918334028
471918508337
471925756295
471968316142
472077258354
472173347754
472184328711
472227074919
472282735336
472284483242
472287061607
472293207389
472293312014
472689232384
472698314736
472732915196
472740001348
475097155467
475123178255
458641817493
458652881353
458657640924
458670928054
458701937123
458718888494
458719964685
458735014487
458781336830
458797251691
457786464388
457822318590
457832364228
457835667913
471049018897
471054963175
471208125251
471224131359
469989226366
470021847043
470051861613
470102665450
470166127918
470184799319
470264410189
470270809380
470296880110
470342385439
470349252758
470352179622
470364362517
470405106490
470405191670
470408768237
470420115941
470428820250
470440307760
470440982066
470447827483
470449007272
470470892120
470511970978
470536207943
470540063276
470551291866
470581325654
463221378752
463308033567
470014253417
469605704940
469606764080
469608741218
469631031003
469640148648
469648764314
469652951038
469671523087
469685012324
469686370171
469712540561
469745658189
469752740464
469767469756
469794098387
469802737031
469803870164
469806803329
469816282947
469839415384
469840109692
469845042079
469847097718
469867361110
469892570631
474257662296
460331333206
460368242427
460372052500
460373271023
460391100848
463208191541
443659452071
459368049785
459439423995
459447694905
459448350626
459474499436
459498227794
459513190010
459527460819
459532704946
459554010872
459558525556
459558737881
459560402562
459586474727
459586762404
459614194849
459619683560
459629468454
459632635447
459635759140
459637632793
459651169671
459658876336
459663020731
459669150852
459669300233
459774365059
459814700147
459836770661
459843567391
459866007768
459889811977
459928062759
459998997562
460001731752
460021024223
460021614899
460045285938
460056725591
460068269229
460126606416
460135090008
460174821502
460178360830
460193174917
460201204353
460224229012
459161339700
459216501458
459240121943
459248265885
459274368109
459275883588
459280051897
459316874377
459343335094
459359375992
