446785675765
446829088322
446835880293
446557762204
458940108100
458922775122
458947838710
458383850321
458223387383
458208747126
462193834457
461194138151
461200952191
461249201625
461279390306
461297558252
461385059463
461421875651
461429719667
461447660118
461476927794
461496424358
461549937354
461565105348
461638814399
462044785457
462066505019
462091048826
462097423085
457782637281
457784820445
446835880293
446829088322
446785675765
443103403154
443323928567
310044161200
310096412268
176863971563
176904686517
176911737486
177190196698
179761462430
253363796350
252581171208
183617930493
183561630418
470518174027
470575859998
470589037771
470656374143
470893366970
470955903112
470968399650
471051835604
282838134748
466741083212
282943518839
282977392177
283230399322
283249551605
468246206110
468890851766
468908956834
468922486256
468926401668
468997085644
469083216973
469296679909
469362459978
469422413988
469427710389
469600009712
469658632153
469692028394
469760291187
469817040447
469850002976
469856031635
469870221876
469883025096
469945281095
470035805831
470135949459
470155952910
470178743724
470302228622
470393019741
470450872616
470504365118
470504468581
463294158503
463317765688
463366209652
463532738979
463598828560
463617619810
464048382816
464098758531
465746123169
465977045698
461166278533
461449376017
461515461883
461624673337
461723275760
462024030546
462185031802
462185254249
462216823031
462250527438
462280823579
462394486585
462458320886
462481921449
462486468499
457288670263
457354204316
457439880756
457440064480
457525975960
457545377539
457694586240
457726937750
457734906465
458055254815
458080656677
458579164911
458620792032
459795056165
459901210078
455166969720
455298291614
455318614102
455368475975
455458474765
455704849354
456090958309
456120082240
456853514384
456899490703
457140762518
457164936674
457169078102
457203336281
457227511206
457262141093
457275153342
452617489493
452684154669
452703181690
453340671544
453400205849
453431618519
453436276561
453483093548
453645879096
453675813626
453695010296
453709888170
453819145620
454035730560
454290529091
454313055873
452191757742
452276994604
452324186883
452396567610
360269211570
360282970706
360471942149
360538617607
360563561265
360590412721
360595667720
360716123661
353813571091
353942652012
354020554624
359113656506
359254636672
359280323829
359295630301
359353781099
359646426157
359701428836
359797801285
359931305440
364397127529
351298208075
451467778047
451534270078
449648752078
449875587122
450595773368
450679180808
450720119795
450828267572
451136695095
451336970718
445481274760
445525600241
445527656963
445693267260
445720393863
445801059183
445854322340
445895961393
445929652396
445949170153
448168312137
448297042127
448431475828
443618324029
443911350497
444246468864
444330818667
444341330356
444357581759
444391797130
444404781576
444495780847
444499136367
444505510600
444522253788
444913719589
444925566911
444965676397
445000604337
445015062740
445118158531
445258119409
445258840266
445273882616
445291621136
445302486334
445318131723
445359281296
445399518697
445403730329
445417253838
443349060494
443395995368
443399306047
443469411121
443493702295
443537802134
443587039467
438763062070
438782910352
438920357858
438957214063
438958011944
438995579261
434199377078
434706354134
435537825114
435906169511
436143477179
436198017726
436205157346
438541083365
438550148208
438600518159
438654301059
437331505735
438120942601
437090742693
437090742693
436805169800
436796876886
438442955891
437603991228
438234999799
438399708113
437342640265
437442481782
436757679365
438080423011
438399708113
428797480896
428838172261
428895350558
428899265391
428948214707
429222087840
429224084083
429452380933
429648078910
429661821616
429773043821
429794808904
429834386782
429875807970
429918443462
429948080057
429979169844
430026489488
430076905747
430116520039
430117319144
430251509975
430436990079
430254264352
430874055279
430532102321
430969436396
430895867271
430455795310
430382090755
430309200809
430934597749
431067513965
430436872412
430357679817
430320123491
430273591767
750450239191
427987106226
428145938826
428240023090
428243404117
428514853835
428591078121
428626062484
428724650071
749071026532
749831254014
749831787567
747414017124
736173641787
736263181919
736264489397
736281029583
736582898017
736918714936
736949604299
737037662672
737068119831
737275982471
737346281892
737380834474
737485990426
737490166663
737670202679
737712731563
737840309658
737882563964
737925565054
737971908898
732631929169
733265126528
733290534510
733388601568
733455337161
733517800077
735110687994
735214748218
735352789494
735450768087
735495426003
735514599879
735529400320
735641404817
735743529159
735803397469
735841881951
735919553476
735961263774
736011149499
736054057379
736060790567
736061110708
736118896418
736135762284
736146736274
729950794349
731479603552
731758433337
731811916678
731920460505
731947438334
732100161632
732220089885
732259134600
712632147595
712860310686
712901781840
712961226909
713270774518
713499275162
713513288208
713521372876
713535208611
713547865239
713568993720
713620182154
710091939775
710112237521
707671000819
787714474111
774370184416
811672439568
811880065801
808182648054
808216746640
808404557157
808426749103
808627017445
859581593650
859914551357
859960404621
860010998441
861312959154
843228118375
843581687471
843775718776
883101900475
884135449046
884206479897
884251939490
880356309145
880528490312
880537710715
880602022040
880855584203
880895337791
881051655483
881348202215
881386142443
881405260523
881417792876
881423818263
881502639666
881595078229
881706820228
881830456690
881859898419
881881607300
881886604663
881943606876
882722102916
882740170751
882747689751
882843814712
882895200594
882977309344
882996526692
952655227724
952743032605
952934340144
461243600301
461657256767
462012367067
463142786698
462631827140
460849720710
446832822883
460846078906
474899206810
474884226625
474855845305
474850414773
474761092206
474755461797
474731456380
474716176234
474715151966
474706333029
474694744272
474663567604
474660894376
474639408405
474632393807
474593345013
474591277699
474558214569
474555308438
474526004772
474517235635
474513286174
474489602046
474449396060
474445865706
474441978592
474393988762
474362244837
474355536017
474347962091
474339177816
474328749512
474320024334
474316734827
474259794605
474218350644
474184029018
474116194975
474095681954
474083426093
474070937083
474067421236
473912636931
473798445757
473791125441
463142786698
472755597577
472765053322
472847964867
473013853237
473038326631
473123953285
473132060295
473176853495
473190398170
473205491162
473300460728
473302857618
473304636259
473308823747
473335158843
473345751676
473348484328
473402097808
473419756316
473658907425
473729189729
473791125441
446832822883
460849720710
460846078906
462631827140
463272528359
469501264326
469523825451
