463272528359
469501264326
469523825451
469467856634
469475174706
469481745228
469483787561
469526162225
469527060315
469593407991
469400155206
469421781316
446703642022
460506431652
460440511236
460441321650
460508504781
446731294163
458679419300
184371143969
460419544302
470603831378
470631674091
470634380531
470634382597
470702719287
470717583897
470742328043
470749263453
470798888096
470825358448
470845903833
470847749422
889900012357
473608333656
473526976072
474936005598
474935691051
474914567537
475069898934
475008861326
474989459058
474982868796
474959284826
474952814679
474952005817
475988585120
475800054742
475756310862
475454767661
613411582159
475095895457
613104736685
613129722359
613136172093
613138831745
613162737365
613177226663
613186389380
613211940050
613265173169
613274940158
613282596309
613296391273
613310243786
613316488624
613324168020
613349360393
613359905782
613363166001
478059742927
446700217018
474939991751
475417542557
475432880993
612554577763
613213043599
